,preds,labels
0,27.074600014803266,22.0
1,18.690492671132745,9.0
2,24.231300293537288,17.0
3,26.62955456087481,21.0
4,11.426400383903074,11.0
5,20.53940160752616,15.0
6,25.409520130157205,20.0
7,21.927792909904575,13.0
8,15.984012058157573,25.0
9,25.569063386896573,32.0
10,23.086098881543727,20.0
11,16.920595893467805,16.0
12,22.485716566101928,31.0
13,23.386427301496276,37.0
14,16.803139111752188,21.0
15,19.617749684650413,28.0
16,17.87761420743363,37.0
17,18.405432911021222,13.0
18,16.487179688015317,18.0
19,16.59981596483626,38.0
20,14.484286954883432,4.0
21,25.77326031108725,20.0
22,15.666249683323732,5.0
23,23.516376847963627,31.0
24,23.636750447432483,23.0
25,25.346945927180627,31.0
26,14.91908089880762,22.0
27,12.612867026165526,39.0
28,17.87761420743363,5.0
29,26.556967623880183,31.0
30,24.8180567934876,31.0
31,27.231021495914113,32.0
32,22.88159313437437,21.0
33,21.529209372601606,7.0
34,12.45649260553279,5.0
35,27.17715678934394,33.0
36,14.51034732730531,11.0
37,26.118541616699076,39.0
38,15.671311547291813,8.0
39,18.745714048506294,16.0
40,26.0241716765886,28.0
41,15.562033773392676,5.0
42,22.200187975732902,16.0
43,10.87822938525194,6.0
44,24.516567243728858,18.0
45,22.70837364265472,34.0
46,22.25978213109559,30.0
47,24.05197232906849,12.0
48,17.4666309565674,11.0
49,23.372387490671976,37.0
50,15.082403469887195,17.0
51,19.393209565873406,10.0
52,23.634654761624034,13.0
53,21.881446385304542,12.0
54,21.63637066757157,17.0
55,25.39629292149632,21.0
56,14.097726467948098,12.0
57,24.75777504003762,27.0
58,21.7005642197851,10.0
59,20.2351791333425,11.0
60,21.234304438972934,22.0
61,12.56718113859863,5.0
62,17.87761420743363,36.0
63,8.982867587588016,4.0
64,19.95658911555862,36.0
65,23.848339069628288,38.0
66,17.636759931655448,13.0
67,12.75326972577381,32.0
68,23.909601376077532,19.0
69,25.656854195794544,12.0
70,15.419542566602464,9.0
71,23.06548033622675,19.0
72,19.550371532322565,37.0
73,15.1554735080084,23.0
74,22.92858925043638,15.0
75,25.34589930262031,19.0
76,18.351292705283214,29.0
77,21.432859949510743,24.0
78,18.85429210971121,17.0
79,23.9167815912108,32.0
80,23.840521763284187,10.0
81,13.977470155675098,4.0
82,23.220856876635935,26.0
83,15.031339145248486,29.0
84,9.328457835514891,6.0
85,25.480969568800376,22.0
86,11.125862624391337,11.0
87,28.998313265153485,31.0
88,25.357616393613235,19.0
89,12.534203695310199,5.0
90,19.625698726628997,25.0
91,16.50482503046632,6.0
92,23.747670872339867,11.0
93,23.76783970487832,8.0
94,4.9019155719315695,1.0
95,22.33164769296203,10.0
96,8.2476005956737,33.0
97,20.195330027292343,23.0
98,17.246467463837817,24.0
99,20.676261604241958,34.0
100,21.242965209889647,7.0
101,22.51588582868731,10.0
102,19.36112036625076,10.0
103,11.336401832679611,22.0
104,20.930198101192182,8.0
105,22.988608082359406,13.0
106,21.254604314309375,17.0
107,25.79452541318527,29.0
108,20.800701132543445,27.0
109,23.296930574167504,30.0
110,25.85320240554225,20.0
111,18.137879983494415,23.0
112,15.177637368329348,8.0
113,24.78815080104026,29.0
114,25.895264252257107,26.0
115,27.063194746086268,31.0
116,23.003907084375278,13.0
117,11.765979619727913,7.0
118,27.34908551636709,30.0
119,17.87761420743363,8.0
120,12.22223422845085,9.0
121,10.607760538059575,4.0
122,23.81456765165119,39.0
123,19.102074938633898,17.0
124,25.45942199817339,26.0
125,18.58832121439005,34.0
126,16.04199337386474,8.0
127,18.834555061855355,4.0
128,11.069903346583802,14.0
129,15.21207517687859,16.0
130,26.87741956103129,30.0
131,22.318185025695406,38.0
132,15.4508068053466,8.0
133,25.446278584101897,27.0
134,25.073268824413276,11.0
135,25.677650428467672,30.0
136,17.144611776298945,6.0
137,25.02721415854807,32.0
138,27.29752256297529,28.0
139,14.320326616443898,13.0
140,17.87761420743363,4.0
141,12.210313868781276,6.0
142,25.882317826669045,19.0
143,24.00737938700412,20.0
144,25.36117390982517,31.0
145,24.433423298601355,34.0
146,25.777550683127338,28.0
147,21.609693951802292,25.0
148,18.194235076525246,15.0
149,13.979031058933215,5.0
150,18.912593458403848,7.0
151,16.051860452264812,7.0
152,18.126280961085072,35.0
153,22.665258586552497,16.0
154,16.54762775338577,19.0
155,22.14576528335664,11.0
156,17.697409166971603,6.0
157,26.16994879132166,29.0
158,18.284128290299115,10.0
159,22.83651198780025,25.0
160,18.517600619286988,13.0
161,23.43314246572961,33.0
162,19.200970400050473,17.0
163,26.895714730653793,13.0
164,21.77383226595301,36.0
165,17.849894758847533,24.0
166,25.860867090245584,27.0
167,10.092648003096928,8.0
168,19.509837129095665,32.0
169,19.647973727045056,12.0
170,24.080866581672552,21.0
171,20.722124415538822,14.0
172,21.320227850464057,29.0
173,22.84083258763455,27.0
174,25.145748920384648,20.0
175,20.625032485598354,19.0
176,15.773245744176014,8.0
177,18.372468601760986,27.0
178,22.178637987102228,27.0
179,9.197683162215212,4.0
180,23.66796877135652,10.0
181,24.246423399825453,35.0
182,17.87761420743363,10.0
183,21.46770174042981,20.0
184,23.7146855007258,24.0
185,23.735659031540607,33.0
186,25.74107764909315,35.0
187,21.94030090805652,5.0
188,25.838325523550672,38.0
189,19.239242723284455,12.0
190,23.51868820732974,35.0
191,24.71366861650465,19.0
192,18.61182738417756,10.0
193,17.398069529389296,4.0
194,20.928950790957195,5.0
195,8.939759273809115,3.0
196,21.10135747330481,17.0
197,18.951732355047234,5.0
198,12.271469003958186,4.0
199,24.19800304351896,29.0
200,15.834326927681529,6.0
201,26.2570458657799,10.0
202,18.97632342976641,33.0
203,20.542547004655383,6.0
204,24.102454730070114,22.0
205,11.978648911483196,15.0
206,19.825945371587764,15.0
207,20.494375129697886,19.0
208,26.747348291290415,12.0
209,11.462484772613939,4.0
210,23.572010017313254,32.0
211,7.32699001163528,10.0
212,28.539069752001566,24.0
213,14.49055150889288,9.0
214,23.552531422694152,31.0
215,24.695806803607688,31.0
216,20.9604813301113,14.0
217,18.562977211046537,11.0
218,21.263996353456967,22.0
219,11.582682584381056,4.0
220,21.973460907563506,10.0
221,23.648646674973598,20.0
222,25.6043770530083,18.0
223,15.669514148205367,5.0
224,23.255916387644014,17.0
225,24.89412307465944,20.0
226,20.49517692761121,15.0
227,19.497250826278446,18.0
228,10.145543265655126,2.0
229,19.970727580332294,35.0
230,20.797212371041866,15.0
231,15.384447773253902,9.0
232,24.479782035326544,32.0
233,23.459934941240164,20.0
234,16.088658567008196,21.0
235,12.658539980853726,7.0
236,25.846607102125468,34.0
237,23.187475589006837,9.0
238,23.93007460825433,28.0
239,15.554971197216174,9.0
240,4.613071929847328,2.0
241,21.523122771800978,18.0
242,23.535608949104876,39.0
243,20.030509666259405,5.0
244,21.552440003319738,9.0
245,9.910618187691542,9.0
246,24.673758794253693,25.0
247,27.511157928628236,18.0
248,17.948481674191882,16.0
249,21.872279841727888,30.0
250,27.330839980779537,34.0
251,18.789168331469362,13.0
252,22.020801251052347,13.0
253,11.163408661127116,35.0
254,20.6025835471835,15.0
255,20.41938443867261,15.0
256,18.158546884216108,10.0
257,8.91070314798579,4.0
258,16.46972551192956,4.0
259,20.939685896479496,37.0
260,17.87761420743363,21.0
261,20.869948510485877,6.0
262,23.43945663212301,21.0
263,26.219177711393,30.0
264,21.0673867983463,8.0
265,20.487632449460307,34.0
266,17.777620157870565,11.0
267,23.596541879883915,17.0
268,11.823998450410178,4.0
269,23.21252571622204,21.0
270,24.44009747387269,23.0
271,23.689578134408585,39.0
272,17.87761420743363,8.0
273,18.943112742871968,19.0
274,31.41573097903975,35.0
275,19.267004765666982,28.0
276,19.935283723296557,10.0
277,24.490336530026816,38.0
278,21.887804287654646,13.0
279,13.199170198389593,3.0
280,25.32495160005648,29.0
281,14.980991690778028,7.0
282,25.20287632583397,37.0
283,20.571737733704637,14.0
284,23.1298872690438,14.0
285,13.243496496493053,32.0
286,19.77829890328671,24.0
287,14.742609532287132,6.0
288,24.210361989254466,30.0
289,26.055767746203628,23.0
290,25.247252071276407,37.0
